752
753
754
755
756
757
758
759
760
761
762
1171
1172
1173
1174
1175
1739
1743
1746
1779
2130
2131
2132
2133
2134
2135
2136
2137
2138
2139
2140
2141
2142
2143
2144
2145
2146
2147
2148
2149
2150
2151
2736
2858
2859
2860
2903
2919
2935
2958
2959
2960
2961
2962
2963
2964
2965
2986
2987
2991
2992
2993
2994
3012
3031
3035
3038
3067
3152
3165
3172
3184
3186
3190
3194
3213
3234
3247
3258
3259
3260
3273
3277
3278
3280
3283
3284
3288
3289 
3295
3296
3315
3316
3331
3332
3337
3343
3344
3349
3350
3351
3352
3353
3354
3355
3357
3361
3368
3370
3374
3377
3378
3379
3383
3384
3387
3388
3390
3391
3392
3395
3402
3404
3405
3406
3407
3408
3409
3410
3411
3416
3417
3418
3419
3420
3423
3424
3425
3429
3430
3431
3432
3439
3440
3441
3447
3448
3450
3451
3452
3456
3457
3458
3459
3460
3462
3463
3465
3466
3468
3471
3472
3475
3476
3477
3478
3479
3480
3481
3482
3483
3487
3493
3494
3495
3496
3497
3499
3500
3501
3504
3505
3507
3517
3518
3519
3520
3521
3522
3523
3524
3525
3526
3527
3529
3531
3532
3533
3534
3535
3538
3539
3540
3541
3542 
3543
3544
3545
3546
3552
3553
3557
3559
3561
3566
3567
3574
3576
3577
3578
3579
3580
3581
3582
3583
3584
3585
3586
3592
3595
3596
3601
3603
3631
3642
3643
3644
3648
3649
3659
3660
3661
3662
3665
3666
3667
3668
3669
3670
3671
3672
3673
3674
3675
3678
3679
3684
3693
3701
3705
3706
3710
3711
3713
3714
3720
3730
3735
3739
3740
3741
3742
3746
3809
3815
3862
3863
3866
3873
3876
3879
3880
3881
3884
3885
3886
3887
3888
3889
3890
3893
3894
3895
3896
3898
3902
3903
3906
3915
3918
4002
4006
4019
4020
4021
4027
4046
4047
4052
4053
4054
4057
4059
4062
4067
4071
4072
4073
4074
4075
4076
4077
4078
4079
4080
4081
4082
4083
4084
4085
4086
4087
4090
4092
4093
4096
4099

